   n  posicion  mitdb/1

   frecuencia de muestreo = 360
     posicion en milisegundos

     1            972.
     2           2011.
     3           3013.
     4           4019.
     5           5077.
     6           6102.
     7           7138.
     8           8105.
     9           8980.
    10           9916.
    11          10916.
    12          11891.
    13          12808.
    14          13738.
    15          14594.
    16          15436.
    17          16283.
    18          17147.
    19          17975.
    20          18766.
    21          19566.
    22          20375.
    23          21152.
    24          21933.
    25          22727.
    26          23538.
    27          24325.
    28          25066.
    29          25750.
    30          26433.
    31          27133.
    32          27883.
    33          28650.
    34          29394.
    35          30233.
    36          31233.
    37          32188.
    38          33150.
    39          34127.
    40          35133.
    41          36113.
    42          36994.
    43          37822.
    44          38658.
    45          39516.
    46          40452.
    47          41394.
    48          42305.
    49          43222.
    50          44163.
    51          45122.
    52          46122.
    53          47213.
    54          48202.
    55          49166.
    56          50069.
    57          50922.
    58          51786.
    59          52675.
    60          53538.
    61          54383.
    62          55188.
    63          55930.
    64          56680.
    65          57469.
    66          58300.
    67          59163.
    68          60100.
    69          61130.
    70          62119.
    71          63022.
    72          63930.
    73          64897.
    74          65883.
    75          66797.
    76          67669.
    77          68563.
    78          69469.
    79          70380.
    80          71377.
    81          72408.
    82          73425.
    83          74405.
    84          75380.
    85          76305.
    86          77247.
    87          78222.
    88          79163.
    89          80000.
    90          80844.
    91          81686.
    92          82530.
    93          83397.
    94          84258.
    95          85080.
    96          85886.
    97          86636.
    98          87391.
    99          88125.
   100          88925.
   101          89819.
   102          90738.
   103          91291.
   104          91780.
   105          92986.
   106          93511.
   107          93941.
   108          95288.
   109          96291.
   110          96877.
   111          97997.
   112          98558.
   113          98986.
   114         100277.
   115         100838.
   116         102100.
   117         102694.
   118         103116.
   119         104388.
   120         105311.
   121         105852.
   122         106291.
   123         107652.
   124         108200.
   125         108655.
   126         109969.
   127         110838.
   128         111386.
   129         111813.
   130         113094.
   131         113977.
   132         114544.
   133         114980.
   134         116211.
   135         116711.
   136         117886.
   137         118436.
   138         118875.
   139         120205.
   140         120758.
   141         121958.
   142         122491.
   143         123627.
   144         124141.
   145         124625.
   146         125969.
   147         126516.
   148         127708.
   149         128244.
   150         128669.
   151         129936.
   152         130466.
   153         131700.
   154         132277.
   155         132719.
   156         133958.
   157         134477.
   158         134905.
   159         136133.
   160         136680.
   161         137147.
   162         138427.
   163         138950.
   164         140063.
   165         140611.
   166         141030.
   167         142252.
   168         142813.
   169         144025.
   170         144583.
   171         145025.
   172         146280.
   173         146802.
   174         147986.
   175         148825.
   176         149647.
   177         150700.
   178         151986.
   179         152463.
   180         152944.
   181         154327.
   182         154847.
   183         156183.
   184         157075.
   185         157891.
   186         158813.
   187         159705.
   188         160758.
   189         162066.
   190         162591.
   191         163863.
   192         164411.
   193         164802.
   194         166025.
   195         166536.
   196         167863.
   197         168427.
   198         169672.
   199         170208.
   200         171469.
   201         172494.
   202         173575.
   203         174505.
   204         175352.
   205         176383.
   206         176966.
   207         177394.
   208         177925.
   209         179352.
   210         179902.
   211         181350.
   212         182511.
   213         183619.
   214         184680.
   215         185791.
   216         186947.
   217         188058.
   218         189150.
   219         190175.
   220         191302.
   221         192413.
   222         193430.
   223         194344.
   224         195222.
   225         196161.
   226         197213.
   227         198350.
   228         199486.
   229         200533.
   230         201550.
   231         202622.
   232         203708.
   233         204802.
   234         205794.
   235         206686.
   236         207613.
   237         208716.
   238         209758.
   239         210850.
   240         211905.
   241         212969.
   242         213952.
   243         214997.
   244         216027.
   245         217097.
   246         218052.
   247         219044.
   248         220166.
   249         221247.
   250         222311.
   251         223258.
   252         224125.
   253         225050.
   254         226080.
   255         227230.
   256         228366.
   257         229402.
   258         230397.
   259         231405.
   260         232397.
   261         233427.
   262         234538.
   263         235652.
   264         236700.
   265         237775.
   266         238916.
   267         239941.
   268         240983.
   269         242030.
   270         243072.
   271         244133.
   272         245269.
   273         246416.
   274         247486.
   275         248413.
   276         249280.
   277         250155.
   278         251102.
   279         252155.
   280         253144.
   281         254038.
   282         254866.
   283         255680.
   284         256511.
   285         257380.
   286         258372.
   287         259422.
   288         260311.
   289         261202.
   290         262150.
   291         263097.
   292         264000.
   293         264941.
   294         265875.
   295         266438.
   296         267594.
   297         268502.
   298         269463.
   299         270361.
   300         271163.
   301         271966.
   302         272822.
   303         273644.
   304         274497.
   305         275369.
 RMAX =       1.000   Factor d'escala senyal
 PA_RMAX =  281778.781   Factor d'escala senyal   passa_alt
 PB_RMAX =     295.101   Factor d'escala senyal   passa_baix
   n  posicion  mitdb/1

   frecuencia de muestreo = 360
     posicion en milisegundos

     1         276305.
     2         277238.
     3         278102.
     4         279002.
     5         279963.
     6         280963.
     7         281991.
     8         283005.
     9         283966.
    10         284883.
    11         285855.
    12         286944.
    13         287961.
    14         289000.
    15         290022.
    16         291047.
    17         292005.
    18         293061.
    19         294158.
    20         295241.
    21         296194.
    22         297155.
    23         298236.
    24         299375.
    25         300425.
    26         301488.
    27         302552.
    28         303577.
    29         304630.
    30         305730.
    31         306752.
    32         307738.
    33         308708.
    34         309636.
    35         310644.
    36         311738.
    37         312819.
    38         313761.
    39         314044.
    40         314733.
    41         315019.
    42         315752.
    43         316050.
    44         316827.
    45         317130.
    46         317783.
    47         318086.
    48         318713.
    49         319669.
    50         331900.
    51         338247.
    52         339216.
    53         345130.
    54         350319.
    55         368669.
    56         387580.
    57         426194.
    58         427180.
    59         428833.
    60         429675.
    61         430569.
    62         431441.
    63         432313.
    64         433166.
    65         433961.
    66         434716.
    67         435477.
    68         436252.
    69         437052.
    70         437822.
    71         438597.
    72         439361.
    73         440088.
    74         440805.
    75         441491.
    76         442225.
    77         443008.
    78         443844.
    79         444780.
    80         445780.
    81         447427.
    82         448375.
    83         449302.
    84         450208.
    85         451177.
    86         452161.
    87         453800.
    88         454741.
    89         455741.
    90         456705.
    91         457597.
    92         458500.
    93         459447.
    94         460422.
    95         461386.
    96         462272.
    97         463122.
    98         463966.
    99         464888.
   100         465819.
   101         466775.
   102         467777.
   103         468802.
   104         469752.
   105         470655.
   106         471544.
   107         472472.
   108         473513.
   109         474511.
   110         475436.
   111         476341.
   112         477302.
   113         478330.
   114         479338.
   115         480300.
   116         481269.
   117         482216.
   118         483105.
   119         483980.
   120         484880.
   121         485797.
   122         486627.
   123         487469.
   124         488283.
   125         489080.
   126         489950.
   127         490830.
   128         492580.
   129         498613.
   130         503169.
 RMAX =       1.000   Factor d'escala senyal
 PA_RMAX =   -4169.883   Factor d'escala senyal   passa_alt
 PB_RMAX =   -4134.781   Factor d'escala senyal   passa_baix
   n  posicion  mitdb/1

   frecuencia de muestreo = 360
     posicion en milisegundos

     1         552116.
     2         553150.
     3         554119.
     4         555005.
     5         555936.
     6         556927.
     7         559852.
     8         561572.
     9         566583.
    10         570258.
    11         573219.
    12         594955.
    13         595897.
    14         599558.
    15         607755.
    16         620822.
    17         624713.
    18         658077.
    19         662680.
    20         663600.
    21         664597.
    22         665600.
    23         666552.
    24         667438.
    25         668258.
    26         669061.
    27         669916.
    28         670872.
    29         671847.
    30         672863.
    31         673880.
    32         674888.
    33         675844.
    34         676836.
    35         677833.
    36         678763.
    37         679713.
    38         680636.
    39         681572.
    40         682561.
    41         683533.
    42         684483.
    43         685408.
    44         686236.
    45         687050.
    46         687877.
    47         688752.
    48         689600.
    49         690452.
    50         691280.
    51         692111.
    52         692933.
    53         693727.
    54         694561.
    55         695422.
    56         696255.
    57         697105.
    58         697875.
    59         698661.
    60         699477.
    61         700325.
    62         701316.
    63         702300.
    64         703225.
    65         704086.
    66         704891.
    67         705730.
    68         706547.
    69         707411.
    70         708319.
    71         709183.
    72         710036.
    73         710883.
    74         712519.
    75         713358.
    76         714200.
    77         715008.
    78         716550.
    79         718144.
    80         719794.
    81         720602.
    82         722194.
    83         723875.
    84         724686.
    85         725497.
    86         726327.
    87         727900.
    88         728647.
    89         729377.
    90         731538.
    91         732347.
    92         733916.
    93         735438.
    94         736222.
    95         737041.
    96         738697.
    97         739472.
    98         792219.
    99         793591.
   100         794019.
   101         794908.
   102         796283.
   103         797725.
   104         799219.
   105         799669.
   106         800636.
   107         802063.
   108         803600.
   109         804100.
   110         805080.
   111         805541.
   112         806436.
   113         806905.
   114         807822.
   115         808311.
   116         809250.
   117         814900.
   118         816444.
   119         817894.
   120         819297.
   121         820736.
   122         822233.
   123         823702.
   124         825147.
 RMAX =       1.000   Factor d'escala senyal
 PA_RMAX =  -31179.354   Factor d'escala senyal   passa_alt
 PB_RMAX =  -31214.092   Factor d'escala senyal   passa_baix
   n  posicion  mitdb/1

   frecuencia de muestreo = 360
     posicion en milisegundos

     1         828347.
     2         829977.
     3         831566.
     4         835025.
     5         843263.
     6         844883.
     7         846613.
     8         849922.
     9         853297.
    10         858222.
    11         859911.
    12         861483.
    13         893769.
    14         895358.
    15         896900.
    16         903391.
    17         906838.
    18         908402.
    19         912872.
    20         916016.
    21         919291.
    22         920969.
    23         925452.
    24         926427.
    25         931930.
    26         937927.
    27         938738.
    28         939541.
    29         940416.
    30         941313.
    31         942180.
    32         943066.
    33         943938.
    34         944780.
    35         945655.
    36         946611.
    37         947538.
    38         948486.
    39         949438.
    40         950302.
    41         951191.
    42         953080.
    43         954022.
    44         956680.
    45         961138.
    46        1037852.
    47        1039569.
    48        1042027.
    49        1043894.
    50        1044891.
    51        1053205.
    52        1054036.
    53        1063611.
    54        1065294.
    55        1067088.
    56        1068980.
    57        1082216.
    58        1083108.
    59        1087377.
    60        1091416.
    61        1094169.
    62        1095900.
 RMAX =       1.000   Factor d'escala senyal
 PA_RMAX =  -40899.016   Factor d'escala senyal   passa_alt
 PB_RMAX =  -40814.715   Factor d'escala senyal   passa_baix
   n  posicion  mitdb/1

   frecuencia de muestreo = 360
     posicion en milisegundos

     1        1103302.
     2        1106100.
     3        1106530.
     4        1108377.
     5        1113266.
     6        1118250.
     7        1121061.
     8        1122880.
     9        1124647.
    10        1125213.
    11        1127075.
    12        1129861.
    13        1131522.
    14        1133313.
    15        1134841.
    16        1135283.
    17        1136491.
    18        1138805.
    19        1143461.
    20        1143969.
    21        1147044.
    22        1148736.
    23        1152369.
    24        1159533.
    25        1161261.
    26        1166652.
    27        1168394.
    28        1172013.
    29        1177347.
    30        1179088.
    31        1182775.
    32        1184988.
    33        1195091.
    34        1203758.
    35        1209794.
    36        1212769.
    37        1215069.
    38        1257711.
    39        1261522.
    40        1263313.
    41        1265200.
    42        1267097.
    43        1270155.
    44        1272052.
    45        1273888.
    46        1274400.
    47        1275602.
    48        1276508.
    49        1277483.
    50        1279394.
    51        1280372.
    52        1281302.
    53        1282350.
    54        1283483.
    55        1284544.
    56        1285625.
    57        1286691.
    58        1287758.
    59        1288786.
    60        1289880.
    61        1290977.
    62        1292038.
    63        1293063.
    64        1294105.
    65        1295261.
    66        1296388.
    67        1297458.
    68        1298475.
    69        1299563.
    70        1300686.
    71        1301733.
    72        1302805.
    73        1303827.
    74        1304880.
    75        1305938.
    76        1307008.
    77        1308116.
    78        1309108.
    79        1310083.
    80        1311155.
    81        1312233.
    82        1313266.
    83        1314333.
    84        1315352.
    85        1316366.
    86        1317327.
    87        1318316.
    88        1319405.
    89        1320566.
    90        1321694.
    91        1322802.
    92        1323911.
    93        1325027.
    94        1326155.
    95        1327247.
    96        1328291.
    97        1375150.
    98        1378194.
 RMAX =       1.000   Factor d'escala senyal
 PA_RMAX =  -79359.125   Factor d'escala senyal   passa_alt
 PB_RMAX =  -79306.055   Factor d'escala senyal   passa_baix
   n  posicion  mitdb/1

   frecuencia de muestreo = 360
     posicion en milisegundos

     1        1379266.
     2        1380355.
     3        1381419.
     4        1382416.
     5        1387302.
     6        1389252.
     7        1394461.
     8        1395416.
     9        1401944.
    10        1406338.
    11        1407380.
    12        1411780.
    13        1412866.
    14        1418338.
    15        1419313.
    16        1420408.
    17        1424408.
    18        1425269.
    19        1429541.
    20        1432030.
    21        1432894.
    22        1434588.
    23        1436055.
    24        1437200.
    25        1438663.
    26        1440863.
    27        1442572.
    28        1446655.
    29        1450102.
    30        1450652.
    31        1453716.
    32        1454238.
    33        1455911.
    34        1477158.
    35        1480600.
    36        1485652.
    37        1490325.
    38        1492105.
    39        1492655.
    40        1493950.
    41        1496213.
    42        1497936.
    43        1499172.
    44        1500675.
    45        1502413.
    46        1505611.
    47        1507388.
    48        1509613.
    49        1511452.
    50        1512694.
    51        1514430.
    52        1516075.
    53        1518416.
    54        1520186.
    55        1520675.
    56        1521838.
    57        1523625.
    58        1525369.
    59        1527044.
    60        1528766.
    61        1530533.
    62        1531055.
    63        1532211.
    64        1532702.
    65        1533877.
    66        1535661.
    67        1536200.
    68        1537477.
    69        1539205.
    70        1539716.
    71        1540991.
    72        1542844.
    73        1543366.
    74        1544538.
    75        1546325.
    76        1548155.
    77        1549922.
    78        1551644.
    79        1553466.
    80        1555338.
    81        1557580.
    82        1559391.
    83        1562247.
    84        1563552.
    85        1565994.
    86        1567069.
    87        1568044.
    88        1570383.
    89        1571541.
    90        1617036.
    91        1617997.
    92        1618986.
    93        1619950.
    94        1622400.
    95        1623497.
    96        1624622.
    97        1627158.
    98        1628286.
    99        1630750.
   100        1631969.
   101        1634425.
   102        1635638.
   103        1638213.
   104        1640602.
   105        1641725.
   106        1644236.
   107        1645419.
   108        1647813.
   109        1649016.
   110        1651525.
   111        1652680.
 RMAX =       1.000   Factor d'escala senyal
 PA_RMAX =  -20854.096   Factor d'escala senyal   passa_alt
 PB_RMAX =  -20783.795   Factor d'escala senyal   passa_baix
   n  posicion  mitdb/1

   frecuencia de muestreo = 360
     posicion en milisegundos

     1        1656977.
     2        1663141.
     3        1669216.
     4        1672769.
     5        1673244.
     6        1676388.
     7        1679958.
     8        1683436.
     9        1687066.
    10        1689422.
    11        1724372.
    12        1730122.
    13        1733697.
    14        1736158.
    15        1740761.
    16        1743975.
    17        1752186.
    18        1757008.
    19        1757483.
    20        1760819.
    21        1762413.
    22        1766244.
    23        1767297.
    24        1769000.
    25        1770755.
    26        1771280.
    27        1772436.
    28        1774058.
    29        1774597.
    30        1775833.
    31        1776361.
    32        1777497.
    33        1779697.
    34        1781408.
    35        1782266.
    36        1783300.
    37        1784441.
    38        1786022.
    39        1787663.
    40        1789275.
    41        1790033.
    42        1791019.
    43        1792183.
    44        1793888.
    45        1796152.
    46        1796983.
    47        1797841.
    48        1798802.
    49        1800733.
    50        1801725.
    51        1802688.
 RMAX =       1.000   Factor d'escala senyal
 PA_RMAX =  -20854.096   Factor d'escala senyal   passa_alt
 PB_RMAX =  -20783.795   Factor d'escala senyal   passa_baix
